10
11011
11124
11674
10789
10961
11050
10945
11064
11208
11156
185518
185363
185355
185414
185501
185447
185607
185411
185492
185864
12
11500
11212
10947
11566
11307
10914
11602
11024
11069
10991
10875
11552
185481
185719
185370
185423
185332
185416
185361
185484
185525
185475
185311
185486
14
18362
17877
17755
18615
17733
17869
17799
17678
17618
17498
17863
17959
17715
17640
185698
185365
185381
185385
185342
185442
185470
185453
185650
185415
185440
185447
185491
185432
16
35669
34626
34476
36810
33946
33904
34126
33824
34086
33999
34771
34330
34372
34629
33776
34347
185533
185299
185381
185480
185440
185458
185468
185527
185305
185402
185528
185614
185614
185375
185420
185427
18
75421
71742
71660
74694
70461
71719
70767
70750
71229
72649
72176
72206
71652
71058
71896
71116
71026
74434
185458
185489
185217
185757
185435
185652
185376
185520
185552
185483
185498
185428
185321
185381
185430
185458
185414
185338
20
160252
155006
151373
158940
152046
155476
151419
149902
149867
151097
152823
152929
151809
152397
150638
152139
149824
157439
153107
159057
185422
185425
185573
185407
185426
185532
185524
185494
185444
185554
185423
185376
185586
185676
185443
185516
185465
185452
185511
185470
