10
1912
93299
2869
1634
92835
3132
1742
92899
2832
1555
92794
3097
1556
92976
3273
1716
92869
3107
1643
92857
3486
1551
92993
2693
1710
92942
3023
1854
93009
2554
12
1788
92993
3460
1631
92939
4269
1938
93022
2491
1714
92942
2955
1883
92872
5712
1559
92917
3205
1639
92924
3165
1690
92867
4230
1704
92943
4171
1878
92979
2899
1734
92873
3284
1739
92868
2887
14
1927
92874
3099
1662
92885
3071
1661
92854
3065
1742
92905
3245
1732
93186
2255
1927
92900
2963
1799
92996
2949
1812
92854
3441
1602
93073
3261
1819
92845
3401
1781
92892
2720
1743
92862
2623
1656
92862
3037
1717
93044
3311
16
1744
92905
4366
1701
92902
2962
1712
92907
2516
1801
92859
3207
1571
92891
2730
1726
92897
3472
1647
92794
2693
1705
92855
3389
1671
92883
2919
1587
92913
2697
1707
92855
3183
1707
92862
2665
1719
92885
2953
1798
92865
2634
1571
92894
2807
1802
92976
3042
18
1942
92891
2795
1693
92840
3693
1619
92927
3144
1639
93056
1533
1702
92825
1545
1647
92963
2666
1806
92891
2232
1703
92861
3208
1822
92805
2628
1618
92901
2408
1566
92984
2344
1698
92854
1788
1721
92927
1573
1741
92822
2668
1698
92829
2677
1920
92899
3296
1791
92879
3010
1585
93025
3478
20
1544
92852
2169
1688
92840
3240
1563
92927
2588
1784
92848
1920
1752
92819
2219
1535
92834
3348
1637
92837
2599
1832
92876
2364
1843
92977
3322
1682
92837
2478
1577
92892
4254
1748
92986
2972
1688
93103
2723
1699
92890
1842
1691
92882
3065
1690
92905
3026
1764
92921
3331
1784
92962
1781
1697
92847
2251
1739
93146
2454
