10
16398
18517
18555
17862
17743
17680
17786
17718
18283
17807
185596
185458
185452
185503
185332
185404
185422
185462
185521
185740
12
35889
34285
33833
36249
34508
33716
35949
33819
34068
34014
33904
35648
185557
185290
185530
185536
185608
185512
185533
185373
185360
185485
185408
185415
14
77567
74975
72874
77091
73702
73778
73792
69904
69764
69678
69717
69026
73675
70225
185641
185417
185489
185659
185381
185449
185416
185446
185353
185531
185714
185542
185617
185397
16
181369
177299
173113
183029
172798
170787
172444
170859
170730
166282
166194
173641
175530
175043
174150
172909
185543
185285
185474
185473
185442
185372
185401
185445
185391
185453
185824
173641
185529
185721
185478
185394
18
477776
470047
447755
478621
453675
448163
455054
456399
439886
460397
475179
446706
447945
456948
444846
448240
449760
473798
185490
185465
185361
185611
185454
185338
185480
185416
185457
185482
185510
185495
185673
185438
185413
185393
185559
185620
20
1454466
1375712
1305363
1420346
1325117
1313820
1336860
1325868
1342697
1364695
1365898
1349772
1360161
1307153
1350736
1320745
1278440
1403563
1327542
1433502
185475
185594
185567
185459
185476
185411
185296
185507
185423
185456
185330
185399
185282
185377
185456
185377
185468
185431
185483
185382
