10
1793
93029
3336
1877
92803
2302
1634
92972
3192
1779
92879
3418
1961
92968
4755
1769
92901
3572
1885
92869
3223
1762
92854
4915
1786
92837
2872
1747
92973
2769
12
1878
92856
2977
1647
92913
2123
1696
92849
1988
1961
92884
3189
1930
92902
2888
1762
92834
4232
1685
92827
3206
1794
92839
3401
1536
92845
2566
1561
92864
2864
1696
92859
4247
1564
92837
2852
14
1929
92951
3277
1781
92858
3420
1547
92821
2897
1682
92841
2403
1687
92864
2911
1535
92839
2885
1795
92833
3036
1641
92847
3540
1541
92892
2066
1690
92844
2682
1703
92897
2949
2055
92895
3325
1687
92885
2778
1786
92879
2944
16
1892
92821
3197
1707
92803
3111
1790
92812
2044
1700
92908
2235
1547
92890
4357
1769
92965
3353
1776
92978
2886
1537
92872
3525
1687
92886
2440
1538
92848
3437
1787
92900
1980
1555
92846
3218
1690
93169
2050
1790
92889
3275
1798
92807
3098
1537
92850
3332
18
1800
92908
2414
1702
92948
2615
1702
92891
3289
1661
92876
3080
1688
92859
3126
1712
92832
4434
1691
92942
2851
1816
92850
2966
1703
92793
3098
1568
92881
3217
1651
92921
2856
1694
92874
1538
1620
93018
3086
1566
92838
3479
1709
92800
2411
1691
93364
3028
1795
93156
3344
1689
92837
3067
20
1936
92939
3048
1561
92915
3203
1790
92830
1820
1791
92859
2805
1640
92860
3224
1791
92817
3109
1625
93022
4184
1783
92849
3332
1690
92894
2317
1571
92860
3048
1958
92917
3133
1627
92904
2700
1705
92857
2982
1593
92871
2550
1812
92885
3307
1566
92832
3309
1701
93089
3087
1593
92896
2524
1695
92819
3130
1782
92902
2163
