10
10799
10981
11566
10830
10874
10948
10972
11199
11151
13040
185334
185596
185582
185652
185350
185332
185415
185458
185385
185372
12
11414
10915
11042
11596
11535
10918
10667
10858
10963
12245
17528
23934
185592
185490
185504
185449
185441
185455
185502
185495
185449
185408
185379
185333
14
11619
10951
10948
11855
10949
10317
11107
10850
11014
12048
17940
24325
33998
46754
185364
185460
185664
185509
185418
185461
185589
185458
185657
185497
185580
185603
185306
185501
16
11456
11036
11100
11435
11061
10894
11058
11037
11070
13031
17693
24544
34582
48929
74643
108786
185810
185433
185389
185396
185411
185447
185398
185675
185572
185556
185419
185469
185446
185474
185562
185454
18
11464
11265
10245
11417
11308
11057
10959
11029
10933
13492
16717
24323
34180
49953
74453
108922
171644
276395
185499
185321
185478
185370
185578
185440
185396
185329
185321
185524
185602
185416
185711
185577
185386
185327
185605
185417
20
11781
11263
10997
11751
11071
10994
11068
11008
11026
13321
18147
24126
33907
48504
74292
103077
171324
290147
446685
808730
185537
185529
185356
185509
185457
185524
185331
185642
185514
185527
185455
185439
185422
185471
185501
185448
185394
185537
185445
185612
