10
1855
92795
3231
1681
92902
3426
1621
92935
2761
1626
92889
2403
1664
92899
2550
1749
92866
2451
2313
92938
3075
1777
92819
3570
1596
92866
3384
1682
92847
4516
12
1871
92944
3476
1651
92997
4205
1633
92937
2799
1532
92831
2805
1785
92897
3180
1708
92905
2947
1704
92934
4238
1773
92862
2944
1769
92846
3028
1565
92838
4679
1689
92898
4209
1697
92859
1783
14
1796
92821
3167
1547
92883
3037
1703
92846
2873
1694
92938
2849
1548
92931
2288
1654
92890
3298
1566
93050
2355
1550
92870
1778
1757
93012
4198
1536
92938
4221
1690
92903
1867
1710
92937
2243
1735
92786
2659
1556
92780
2878
16
1879
92713
2691
1561
92870
1550
1841
92902
3972
1613
92857
1859
1679
92941
3009
1561
92846
3572
1776
92866
2570
1538
92840
4207
1642
92943
2653
1707
92864
2972
1691
92842
4261
1769
92919
4234
1637
92870
3073
1693
92897
2802
1749
92877
1843
1771
92862
3425
18
1803
92940
3707
1786
92845
2626
1573
92840
2759
1564
92884
2656
1697
92834
2408
1542
92923
1703
1693
92878
3047
1563
92821
2541
1622
92849
3478
1561
92910
2049
1687
92860
3407
1540
92843
3111
1585
92809
2975
1697
92833
2961
1575
93005
3019
1688
92805
4333
1546
92908
2976
1567
92953
2821
20
1797
92839
3031
1610
92962
2023
1608
92891
3138
1765
92777
3311
1698
92916
2178
1711
92834
2433
1541
92981
2494
1561
92827
1688
1573
92794
2260
1566
92843
2956
1784
92906
2967
1724
92886
2696
1694
92898
2235
1706
92845
2314
1661
92833
3126
1625
92837
2480
1558
92989
3411
1693
92935
3531
1803
92948
2856
1720
93003
2861
