10
1889
92840
2309
1709
92844
2606
1713
92841
2923
1704
92872
3184
1574
92927
2265
1811
92844
3053
1640
92841
4293
1708
92888
2256
1715
92933
3104
1704
92974
2709
1808
92928
2797
1558
92917
2589
1827
92790
2675
1902
92983
3396
1706
92873
2975
12
1869
92864
2525
1743
92877
1860
1622
92891
3449
1887
92765
4347
1789
92976
3452
1564
92856
2757
1713
92866
2702
1747
92870
4115
1719
92896
3464
1689
92960
2413
1786
92917
2747
1711
93052
3299
1703
92916
2822
1712
92915
3291
1653
92861
3042
1695
92901
1626
1537
92898
3047
1786
92967
3525
14
1873
92916
3374
1538
92807
2803
1736
92855
2546
1540
92924
2220
1549
92826
4286
1698
92982
3219
1565
93009
2769
1756
92890
2965
1571
92917
3422
1723
92914
3249
1773
92942
2763
1575
92933
3214
1614
92846
2747
1685
92874
2734
1773
92896
2619
1706
92900
3544
1700
92858
3239
1731
92879
3343
1690
92855
2972
1720
92868
1815
1623
93076
3282
16
1940
92866
1781
1719
93015
3531
1631
92924
4231
1687
92747
2530
1702
92919
2262
1696
92868
3208
1542
92793
3274
1538
92942
3041
1787
92832
2824
1568
92863
2421
1563
92983
2212
1645
92884
2970
1718
93110
2926
1535
92876
2379
1803
92920
2832
1653
92989
3230
1615
93027
3233
1543
92929
3313
1696
92833
3176
1535
92816
2685
1785
92872
3081
1770
92794
3046
1583
92923
3038
1695
92868
3288
18
1951
92902
2680
1753
92872
2638
1729
93013
2447
1571
92833
1771
1699
92881
2312
1783
92960
3563
1568
93219
3014
1559
92917
3227
1709
92757
3054
1702
93001
2534
1596
92777
2567
1697
92914
2090
1774
92979
2729
1864
93028
2260
1618
92898
2467
1629
92807
2088
1623
92820
3084
1791
92849
2012
1795
92894
1818
1633
93202
2827
1619
92871
3413
1705
92836
2982
1711
92862
2542
1708
92778
2871
1699
92887
3219
1690
92890
3100
1787
92948
2865
20
1879
92830
4269
1697
92953
1826
1793
92860
2671
1693
92877
2850
1619
92922
1936
1775
92884
2626
1630
92822
3112
1686
93144
3022
1616
93023
3312
1704
92827
3125
1645
92891
2014
1576
92845
2531
1692
92862
2280
1728
92864
1626
1562
92915
2937
1782
92952
1528
1618
92910
2938
1626
92780
1741
1646
92853
2175
1539
93049
3253
1700
92991
2576
1713
92940
3348
1695
92956
2985
1789
92865
3226
1920
92914
2412
1565
93044
2842
1698
92841
2332
1567
92867
2779
1694
92936
2796
1692
92873
1855
