10
11466
10988
11081
11662
10784
10851
11147
11023
10863
11045
10983
10223
11115
10895
11113
185537
185491
185371
185406
185463
185437
185247
185534
185303
185551
185428
185336
185442
185540
185340
12
13696
13319
13060
13660
13310
12926
13140
13366
12914
13200
13108
13225
13028
13111
13340
13045
13116
13662
185369
185394
185378
185391
185469
185522
185312
185464
185335
185487
185428
185371
185398
185384
185456
185490
185440
185397
14
25497
27416
26554
25129
24036
24011
23997
26670
24290
23817
26985
26723
26991
26623
24417
26747
22926
25334
24323
25622
25205
185399
185419
185317
185331
185420
185556
185314
185451
185432
185503
185406
185569
185418
185343
185511
185335
185412
185491
185540
185454
185342
16
50584
48960
48743
50612
48504
48952
48691
48929
48779
48223
48822
48431
48350
48406
48337
48860
48481
50888
50020
51429
51766
51020
48223
50859
185498
185307
185507
185705
185386
185441
185548
185434
185447
185690
185540
185578
185385
185548
186056
185419
185632
185350
185558
185475
185457
185583
185428
185539
18
113266
107140
105110
110706
105449
106039
100110
104672
104358
104864
105598
106309
105713
104668
105228
104715
104583
113223
105901
112147
111521
112109
104320
110510
109194
107508
110501
185421
185569
185542
185450
185445
185415
185476
185378
185489
185607
185501
185384
185517
185389
185421
185497
185540
185408
185428
185312
185884
185440
185465
185470
185711
185446
185481
20
247794
238530
235270
248047
237045
233965
233571
224812
233744
234348
236573
238579
235956
234321
233708
235164
233506
248350
237851
249790
249745
249212
234095
250138
246587
236420
250439
245703
234787
251753
185550
185483
185465
185377
185394
185464
185358
185436
185597
185497
185435
185748
185554
185336
185562
185486
185438
185359
185421
185489
185383
185579
185461
185458
185373
185499
185872
185414
185474
185396
