10
861
860
678
649
675
643
614
619
623
597
521
535
517
464
441
467
443
429
406
405
429
428
417
409
417
416
413
421
426
406
413
432
412
405
421
409
420
397
406
422
412
405
403
417
442
411
406
409
340
334
346
337
347
341
352
341
326
379
334
331
322
331
342
333
336
351
339
339
342
346
346
337
344
353
348
343
347
364
346
325
356
336
344
327
337
334
346
340
344
340
359
344
335
341
337
335
350
338
336
360
11
740
703
674
704
528
376
352
372
361
361
357
356
375
377
378
362
373
365
361
415
372
433
422
402
373
358
439
362
360
343
363
373
373
357
362
372
368
376
364
377
383
367
416
395
364
362
397
372
344
406
376
364
340
356
361
395
366
358
388
380
363
374
379
379
362
398
375
377
392
396
368
354
391
363
362
351
378
359
369
371
358
383
375
364
366
379
379
372
403
393
374
406
410
372
349
377
383
402
351
371
12
897
720
730
739
750
733
756
729
738
722
733
757
717
712
774
766
716
738
781
713
728
711
729
716
770
727
722
769
722
713
705
736
717
718
771
714
715
766
781
733
689
817
724
731
699
706
716
746
740
736
724
749
734
739
721
725
708
753
745
713
767
753
744
688
761
726
725
703
709
728
723
710
763
733
718
727
719
728
712
720
794
721
719
721
765
722
722
719
726
724
692
706
713
723
704
710
774
755
715
723
13
2932
2146
2156
2210
2228
2123
2134
2184
2136
2145
2213
2158
2207
2102
2099
2176
2207
2091
2090
2173
2150
2125
2136
2130
2158
2144
1610
1472
1472
1522
1508
1441
1411
1483
1453
1452
1454
1482
1434
1459
1428
1414
1461
1460
1611
1462
1647
1461
1473
1503
1452
1425
1491
1489
1434
1563
1480
1451
1446
1464
1480
1543
1473
1458
1426
1448
1534
1538
1453
1485
1435
1424
1542
1430
1445
1488
1515
1466
1442
1556
1596
1446
1469
1428
1464
1538
1482
1439
1506
1479
1603
1494
1502
1453
1415
1601
1428
1427
1581
1514
14
3466
3074
3048
2938
2902
2945
3170
2923
3058
2988
3059
3022
3069
3019
3184
2922
2974
2875
3086
3015
2962
2927
2970
3045
2874
3105
3043
3031
2955
3012
3062
3065
2949
2978
3168
3072
2998
2862
3054
2987
3017
3080
2976
2901
2937
2960
2910
3015
3075
2928
2897
3076
3001
2984
2908
3046
2892
2919
2906
3068
3010
2962
3138
3101
3031
2885
2926
3074
2926
3033
2898
3041
2883
3060
3012
2973
3125
3074
2938
3053
3174
3189
3065
3009
3022
3024
3028
3097
2960
3052
2938
3058
2904
3041
2927
3046
3046
2895
2865
3032
15
6972
6099
6100
5878
6176
6167
6011
6072
6232
5987
6059
6291
6192
5885
6260
5989
6004
6063
6103
6156
6073
6179
6332
5950
6015
6143
6148
6168
6127
6113
6195
5977
6201
6322
6241
6300
6222
6156
6036
6003
6277
6249
6010
6074
6288
6295
6240
6131
6148
6293
6230
6051
6316
6255
6191
5944
6241
6084
6202
6330
6259
6295
6085
6249
6146
6149
6027
6148
6155
6030
6225
6117
6220
6205
6177
6136
6247
5928
6214
6166
6160
6137
6184
6114
6109
6108
6477
6296
5879
5955
5911
6027
6110
6137
6434
6201
6087
5909
5895
6173
16
13793
12349
11619
11994
12095
12038
11909
11944
11806
12165
12165
11964
12183
12138
12170
12012
12304
12075
12030
11774
12033
11971
12039
12262
11976
12347
12126
12132
12138
12162
12077
11897
12152
11665
12100
12032
11736
11674
12015
12006
12278
12007
12030
11917
12255
12229
12036
12204
12193
12156
12134
11885
12011
12063
11842
12000
12201
12024
11807
11930
12123
12375
12008
11827
11991
12186
11916
11950
11817
11990
11906
11793
12057
12077
11670
11956
11945
12084
11769
12001
12235
12137
12037
12161
12190
12123
12035
11939
12058
11872
12143
12126
11832
12115
11708
11888
12118
11948
12097
11911
17
25681
25835
30341
25099
29002
29083
24709
25052
28557
29320
25146
25272
27512
28980
24756
24879
24528
27415
29420
24887
24956
28215
29344
24810
24838
27705
29191
24827
24776
27902
29428
24616
25057
25359
27938
29319
24692
24872
27707
29276
24980
25093
24920
27857
29243
24901
24992
27907
29135
24493
24796
27797
29092
25045
25062
27511
29216
24511
25088
27636
28832
24998
24838
25136
27850
29250
24831
24785
27578
29126
24912
25077
27979
29017
24841
25411
27972
29311
24827
24911
27582
29127
24873
25456
28160
29889
24626
25506
27679
30073
24832
24967
28217
29308
24813
25497
27467
28966
24823
25013
18
55558
53650
57119
53351
58130
53754
57620
54292
57691
53654
55205
53140
57436
53791
57668
53547
57739
53879
57802
53837
58076
54066
49865
57568
53753
58119
53952
50092
57586
54249
57403
53495
57747
53943
54123
53833
54470
54401
57493
53409
58416
53775
57492
53279
55081
53815
54451
53658
57828
54232
58176
53385
57272
53426
55219
53311
57408
53914
57190
54250
54462
53999
57300
53863
57877
53844
57693
53341
57183
53676
54182
53692
57406
53651
57869
54157
57500
54237
57092
53652
57812
53672
57772
53236
54200
53630
57471
53776
58232
53765
54588
54023
57374
53445
57707
53587
54810
54459
57727
54005
19
124310
106404
120252
104043
120210
103840
119177
103114
119725
103128
119185
102203
119665
104006
120694
103584
119453
104120
119715
104337
119547
103815
119470
103586
118687
103809
119815
102712
119609
104248
119306
103071
119548
103583
119617
103452
119613
104090
119202
102711
119853
103246
119166
102506
118942
103715
119515
103844
120330
103049
119548
102954
119844
103711
119559
104195
119112
103903
119463
103168
119561
103523
119470
104357
118877
103656
115192
102810
119125
103750
115352
103557
120374
104076
119574
103243
119326
104161
119084
103463
119582
102562
119768
103992
118965
103362
118494
103626
118954
103610
119563
103468
119561
104082
119191
102935
119075
104578
118913
103126
20
248249
205253
196582
233192
195706
233441
201889
239656
197564
233841
198055
240531
198020
234342
199838
239434
201110
239733
200542
233096
200667
240995
197019
236057
200760
240514
199804
241568
196895
235123
200822
241114
200793
234600
197711
240267
197503
234077
201608
241782
200621
227987
202310
240890
202557
239914
197136
234814
200823
241164
200518
241647
201558
241056
202188
234535
200395
240662
202757
234107
200183
240345
202387
240768
200667
233683
201651
241506
200887
234406
201045
241375
197903
234565
201117
240761
200888
240874
200919
240946
198591
234216
201269
240902
200949
240828
196641
234885
201018
240637
196196
233633
200889
241558
200996
227976
202805
241408
203242
227095
